Constituency	x1	y1	x2	y2	x3	y3	x4	y4	x5	y5	x6	y6
Aberavon	471.5	1428.815	459	1407.164	434	1407.164	421.5	1428.815	434	1450.466	459	1450.466
Aberconwy	509	1104.05	496.5	1082.399	471.5	1082.399	459	1104.05	471.5	1125.701	496.5	1125.701
Aberdeen North	734	151.406	721.5	129.755	696.5	129.755	684	151.406	696.5	173.057	721.5	173.057
Aberdeen South	771.5	173.057	759	151.406	734	151.406	721.5	173.057	734	194.708	759	194.708
Aberdeenshire West & Kincardine	696.5	173.057	684	151.406	659	151.406	646.5	173.057	659	194.708	684	194.708
Airdrie & Shotts	659	367.916	646.5	346.265	621.5	346.265	609	367.916	621.5	389.567	646.5	389.567
Aldershot	771.5	1688.627	759	1666.976	734	1666.976	721.5	1688.627	734	1710.278	759	1710.278
Aldridge-Brownhills	809	1060.748	796.5	1039.097	771.5	1039.097	759	1060.748	771.5	1082.399	796.5	1082.399
Altrincham & Sale West	734	887.54	721.5	865.889	696.5	865.889	684	887.54	696.5	909.191	721.5	909.191
Alyn & Deeside	584	1060.748	571.5	1039.097	546.5	1039.097	534	1060.748	546.5	1082.399	571.5	1082.399
Amber Valley	959	1060.748	946.5	1039.097	921.5	1039.097	909	1060.748	921.5	1082.399	946.5	1082.399
Angus	734	194.708	721.5	173.057	696.5	173.057	684	194.708	696.5	216.359	721.5	216.359
Antrim East	209	671.03	196.5	649.379	171.5	649.379	159	671.03	171.5	692.681	196.5	692.681
Antrim North	171.5	649.379	159	627.728	134	627.728	121.5	649.379	134	671.03	159	671.03
Arfon	134	671.03	121.5	649.379	96.5	649.379	84	671.03	96.5	692.681	121.5	692.681
Argyll & Bute	471.5	1125.701	459	1104.05	434	1104.05	421.5	1125.701	434	1147.352	459	1147.352
Arundel & South Downs	546.5	216.359	534	194.708	509	194.708	496.5	216.359	509	238.01	534	238.01
Ashfield	1071.5	1688.627	1059	1666.976	1034	1666.976	1021.5	1688.627	1034	1710.278	1059	1710.278
Ashford	996.5	1039.097	984	1017.446	959	1017.446	946.5	1039.097	959	1060.748	984	1060.748
Ashton Under Lyne	1296.5	1645.325	1284	1623.674	1259	1623.674	1246.5	1645.325	1259	1666.976	1284	1666.976
Aylesbury	809	800.936	796.5	779.285	771.5	779.285	759	800.936	771.5	822.587	796.5	822.587
Ayr, Carrick & Cumnock	734	1493.768	721.5	1472.117	696.5	1472.117	684	1493.768	696.5	1515.419	721.5	1515.419
Ayrshire Central	584	497.822	571.5	476.171	546.5	476.171	534	497.822	546.5	519.473	571.5	519.473
Ayrshire North & Arran	546.5	476.171	534	454.52	509	454.52	496.5	476.171	509	497.822	534	497.822
Banbury	546.5	432.869	534	411.218	509	411.218	496.5	432.869	509	454.52	534	454.52
Banff & Buchan	734	1407.164	721.5	1385.513	696.5	1385.513	684	1407.164	696.5	1428.815	721.5	1428.815
Barking	696.5	129.755	684	108.104	659	108.104	646.5	129.755	659	151.406	684	151.406
Barnsley Central	1259	1493.768	1246.5	1472.117	1221.5	1472.117	1209	1493.768	1221.5	1515.419	1246.5	1515.419
Barnsley East	921.5	909.191	909	887.54	884	887.54	871.5	909.191	884	930.842	909	930.842
Barrow & Furness	959	887.54	946.5	865.889	921.5	865.889	909	887.54	921.5	909.191	946.5	909.191
Basildon & Billericay	696.5	649.379	684	627.728	659	627.728	646.5	649.379	659	671.03	684	671.03
Basildon South & Thurrock East	1296.5	1428.815	1284	1407.164	1259	1407.164	1246.5	1428.815	1259	1450.466	1284	1450.466
Basingstoke	1334	1450.466	1321.5	1428.815	1296.5	1428.815	1284	1450.466	1296.5	1472.117	1321.5	1472.117
Bassetlaw	734	1710.278	721.5	1688.627	696.5	1688.627	684	1710.278	696.5	1731.929	721.5	1731.929
Bath	1071.5	995.795	1059	974.144	1034	974.144	1021.5	995.795	1034	1017.446	1059	1017.446
Batley & Spen	621.5	1602.023	609	1580.372	584	1580.372	571.5	1602.023	584	1623.674	609	1623.674
Battersea	921.5	822.587	909	800.936	884	800.936	871.5	822.587	884	844.238	909	844.238
Beaconsfield	996.5	1558.721	984	1537.07	959	1537.07	946.5	1558.721	959	1580.372	984	1580.372
Beckenham	809	1450.466	796.5	1428.815	771.5	1428.815	759	1450.466	771.5	1472.117	796.5	1472.117
Bedford	1109	1623.674	1096.5	1602.023	1071.5	1602.023	1059	1623.674	1071.5	1645.325	1096.5	1645.325
Bedfordshire Mid	921.5	1255.607	909	1233.956	884	1233.956	871.5	1255.607	884	1277.258	909	1277.258
Bedfordshire North East	846.5	1342.211	834	1320.56	809	1320.56	796.5	1342.211	809	1363.862	834	1363.862
Bedfordshire South West	884	1277.258	871.5	1255.607	846.5	1255.607	834	1277.258	846.5	1298.909	871.5	1298.909
Belfast East	846.5	1385.513	834	1363.862	809	1363.862	796.5	1385.513	809	1407.164	834	1407.164
Belfast North	171.5	735.983	159	714.332	134	714.332	121.5	735.983	134	757.634	159	757.634
Belfast South	171.5	692.681	159	671.03	134	671.03	121.5	692.681	134	714.332	159	714.332
Belfast West	134	757.634	121.5	735.983	96.5	735.983	84	757.634	96.5	779.285	121.5	779.285
Bermondsey & Old Southwark	134	714.332	121.5	692.681	96.5	692.681	84	714.332	96.5	735.983	121.5	735.983
Berwickshire, Roxburgh & Selkirk	1071.5	1515.419	1059	1493.768	1034	1493.768	1021.5	1515.419	1034	1537.07	1059	1537.07
Berwick-upon-Tweed	734	454.52	721.5	432.869	696.5	432.869	684	454.52	696.5	476.171	721.5	476.171
Bethnal Green & Bow	771.5	476.171	759	454.52	734	454.52	721.5	476.171	734	497.822	759	497.822
Beverley & Holderness	1146.5	1472.117	1134	1450.466	1109	1450.466	1096.5	1472.117	1109	1493.768	1134	1493.768
Bexhill & Battle	1146.5	822.587	1134	800.936	1109	800.936	1096.5	822.587	1109	844.238	1134	844.238
Bexleyheath & Crayford	1259	1666.976	1246.5	1645.325	1221.5	1645.325	1209	1666.976	1221.5	1688.627	1246.5	1688.627
Birkenhead	1184	1580.372	1171.5	1558.721	1146.5	1558.721	1134	1580.372	1146.5	1602.023	1171.5	1602.023
Birmingham Edgbaston	546.5	909.191	534	887.54	509	887.54	496.5	909.191	509	930.842	534	930.842
Birmingham Erdington	659	1320.56	646.5	1298.909	621.5	1298.909	609	1320.56	621.5	1342.211	646.5	1342.211
Birmingham Hall Green	771.5	1125.701	759	1104.05	734	1104.05	721.5	1125.701	734	1147.352	759	1147.352
Birmingham Hodge Hill	734	1277.258	721.5	1255.607	696.5	1255.607	684	1277.258	696.5	1298.909	721.5	1298.909
Birmingham Ladywood	771.5	1169.003	759	1147.352	734	1147.352	721.5	1169.003	734	1190.654	759	1190.654
Birmingham Northfield	734	1233.956	721.5	1212.305	696.5	1212.305	684	1233.956	696.5	1255.607	721.5	1255.607
Birmingham Perry Barr	696.5	1298.909	684	1277.258	659	1277.258	646.5	1298.909	659	1320.56	684	1320.56
Birmingham Selly Oak	734	1190.654	721.5	1169.003	696.5	1169.003	684	1190.654	696.5	1212.305	721.5	1212.305
Birmingham Yardley	696.5	1212.305	684	1190.654	659	1190.654	646.5	1212.305	659	1233.956	684	1233.956
Bishop Auckland	771.5	1212.305	759	1190.654	734	1190.654	721.5	1212.305	734	1233.956	759	1233.956
Blackburn	884	627.728	871.5	606.077	846.5	606.077	834	627.728	846.5	649.379	871.5	649.379
Blackley & Broughton	734	671.03	721.5	649.379	696.5	649.379	684	671.03	696.5	692.681	721.5	692.681
Blackpool North & Cleveleys	771.5	779.285	759	757.634	734	757.634	721.5	779.285	734	800.936	759	800.936
Blackpool South	659	671.03	646.5	649.379	621.5	649.379	609	671.03	621.5	692.681	646.5	692.681
Blaenau Gwent	621.5	692.681	609	671.03	584	671.03	571.5	692.681	584	714.332	609	714.332
Blaydon	584	1320.56	571.5	1298.909	546.5	1298.909	534	1320.56	546.5	1342.211	571.5	1342.211
Blyth Valley	771.5	562.775	759	541.124	734	541.124	721.5	562.775	734	584.426	759	584.426
Bognor Regis & Littlehampton	846.5	476.171	834	454.52	809	454.52	796.5	476.171	809	497.822	834	497.822
Bolsover	1034	1710.278	1021.5	1688.627	996.5	1688.627	984	1710.278	996.5	1731.929	1021.5	1731.929
Bolton North East	996.5	995.795	984	974.144	959	974.144	946.5	995.795	959	1017.446	984	1017.446
Bolton South East	734	714.332	721.5	692.681	696.5	692.681	684	714.332	696.5	735.983	721.5	735.983
Bolton West	734	757.634	721.5	735.983	696.5	735.983	684	757.634	696.5	779.285	721.5	779.285
Bootle	696.5	735.983	684	714.332	659	714.332	646.5	735.983	659	757.634	684	757.634
Boston & Skegness	509	930.842	496.5	909.191	471.5	909.191	459	930.842	471.5	952.493	496.5	952.493
Bosworth	1146.5	1125.701	1134	1104.05	1109	1104.05	1096.5	1125.701	1109	1147.352	1134	1147.352
Bournemouth East	884	1147.352	871.5	1125.701	846.5	1125.701	834	1147.352	846.5	1169.003	871.5	1169.003
Bournemouth West	621.5	1731.929	609	1710.278	584	1710.278	571.5	1731.929	584	1753.58	609	1753.58
Bracknell	621.5	1688.627	609	1666.976	584	1666.976	571.5	1688.627	584	1710.278	609	1710.278
Bradford East	771.5	1602.023	759	1580.372	734	1580.372	721.5	1602.023	734	1623.674	759	1623.674
Bradford South	921.5	735.983	909	714.332	884	714.332	871.5	735.983	884	757.634	909	757.634
Bradford West	884	800.936	871.5	779.285	846.5	779.285	834	800.936	846.5	822.587	871.5	822.587
Braintree	884	757.634	871.5	735.983	846.5	735.983	834	757.634	846.5	779.285	871.5	779.285
Brecon & Radnorshire	1221.5	1342.211	1209	1320.56	1184	1320.56	1171.5	1342.211	1184	1363.862	1209	1363.862
Brent Central	584	1233.956	571.5	1212.305	546.5	1212.305	534	1233.956	546.5	1255.607	571.5	1255.607
Brent North	996.5	1385.513	984	1363.862	959	1363.862	946.5	1385.513	959	1407.164	984	1407.164
Brentford & Isleworth	959	1407.164	946.5	1385.513	921.5	1385.513	909	1407.164	921.5	1428.815	946.5	1428.815
Brentwood & Ongar	921.5	1472.117	909	1450.466	884	1450.466	871.5	1472.117	884	1493.768	909	1493.768
Bridgend	1184	1363.862	1171.5	1342.211	1146.5	1342.211	1134	1363.862	1146.5	1385.513	1171.5	1385.513
Bridgwater & Somerset West	471.5	1515.419	459	1493.768	434	1493.768	421.5	1515.419	434	1537.07	459	1537.07
Brigg & Goole	434	1710.278	421.5	1688.627	396.5	1688.627	384	1710.278	396.5	1731.929	421.5	1731.929
Brighton Kemptown	1071.5	909.191	1059	887.54	1034	887.54	1021.5	909.191	1034	930.842	1059	930.842
Brighton Pavilion	1184	1710.278	1171.5	1688.627	1146.5	1688.627	1134	1710.278	1146.5	1731.929	1171.5	1731.929
Bristol East	1146.5	1688.627	1134	1666.976	1109	1666.976	1096.5	1688.627	1109	1710.278	1134	1710.278
Bristol North West	584	1580.372	571.5	1558.721	546.5	1558.721	534	1580.372	546.5	1602.023	571.5	1602.023
Bristol South	546.5	1602.023	534	1580.372	509	1580.372	496.5	1602.023	509	1623.674	534	1623.674
Bristol West	546.5	1645.325	534	1623.674	509	1623.674	496.5	1645.325	509	1666.976	534	1666.976
Broadland	584	1623.674	571.5	1602.023	546.5	1602.023	534	1623.674	546.5	1645.325	571.5	1645.325
Bromley & Chislehurst	1221.5	1212.305	1209	1190.654	1184	1190.654	1171.5	1212.305	1184	1233.956	1209	1233.956
Bromsgrove	1146.5	1558.721	1134	1537.07	1109	1537.07	1096.5	1558.721	1109	1580.372	1134	1580.372
Broxbourne	734	1320.56	721.5	1298.909	696.5	1298.909	684	1320.56	696.5	1342.211	721.5	1342.211
Broxtowe	1071.5	1298.909	1059	1277.258	1034	1277.258	1021.5	1298.909	1034	1320.56	1059	1320.56
Buckingham	1034	1060.748	1021.5	1039.097	996.5	1039.097	984	1060.748	996.5	1082.399	1021.5	1082.399
Burnley	846.5	1428.815	834	1407.164	809	1407.164	796.5	1428.815	809	1450.466	834	1450.466
Burton	846.5	735.983	834	714.332	809	714.332	796.5	735.983	809	757.634	834	757.634
Bury North	809	974.144	796.5	952.493	771.5	952.493	759	974.144	771.5	995.795	796.5	995.795
Bury South	771.5	692.681	759	671.03	734	671.03	721.5	692.681	734	714.332	759	714.332
Bury St Edmunds	771.5	735.983	759	714.332	734	714.332	721.5	735.983	734	757.634	759	757.634
Caerphilly	1221.5	1298.909	1209	1277.258	1184	1277.258	1171.5	1298.909	1184	1320.56	1209	1320.56
Caithness, Sutherland & Easter Ross	584	1407.164	571.5	1385.513	546.5	1385.513	534	1407.164	546.5	1428.815	571.5	1428.815
Calder Valley	584	108.104	571.5	86.453	546.5	86.453	534	108.104	546.5	129.755	571.5	129.755
Camberwell & Peckham	884	887.54	871.5	865.889	846.5	865.889	834	887.54	846.5	909.191	871.5	909.191
Camborne & Redruth	1109	1537.07	1096.5	1515.419	1071.5	1515.419	1059	1537.07	1071.5	1558.721	1096.5	1558.721
Cambridge	246.5	1861.835	234	1840.184	209	1840.184	196.5	1861.835	209	1883.486	234	1883.486
Cambridgeshire North East	1146.5	1298.909	1134	1277.258	1109	1277.258	1096.5	1298.909	1109	1320.56	1134	1320.56
Cambridgeshire North West	1146.5	1212.305	1134	1190.654	1109	1190.654	1096.5	1212.305	1109	1233.956	1134	1233.956
Cambridgeshire South	996.5	1212.305	984	1190.654	959	1190.654	946.5	1212.305	959	1233.956	984	1233.956
Cambridgeshire South East	1034	1233.956	1021.5	1212.305	996.5	1212.305	984	1233.956	996.5	1255.607	1021.5	1255.607
Cannock Chase	1184	1320.56	1171.5	1298.909	1146.5	1298.909	1134	1320.56	1146.5	1342.211	1171.5	1342.211
Canterbury	771.5	1082.399	759	1060.748	734	1060.748	721.5	1082.399	734	1104.05	759	1104.05
Cardiff Central	1409	1580.372	1396.5	1558.721	1371.5	1558.721	1359	1580.372	1371.5	1602.023	1396.5	1602.023
Cardiff North	546.5	1428.815	534	1407.164	509	1407.164	496.5	1428.815	509	1450.466	534	1450.466
Cardiff South & Penarth	584	1450.466	571.5	1428.815	546.5	1428.815	534	1450.466	546.5	1472.117	571.5	1472.117
Cardiff West	546.5	1472.117	534	1450.466	509	1450.466	496.5	1472.117	509	1493.768	534	1493.768
Carlisle	509	1450.466	496.5	1428.815	471.5	1428.815	459	1450.466	471.5	1472.117	496.5	1472.117
Carmarthen East & Dinefwr	734	584.426	721.5	562.775	696.5	562.775	684	584.426	696.5	606.077	721.5	606.077
Carmarthen West & Pembrokeshire South	434	1407.164	421.5	1385.513	396.5	1385.513	384	1407.164	396.5	1428.815	421.5	1428.815
Carshalton & Wallington	359	1450.466	346.5	1428.815	321.5	1428.815	309	1450.466	321.5	1472.117	346.5	1472.117
Castle Point	996.5	1645.325	984	1623.674	959	1623.674	946.5	1645.325	959	1666.976	984	1666.976
Ceredigion	1371.5	1472.117	1359	1450.466	1334	1450.466	1321.5	1472.117	1334	1493.768	1359	1493.768
Charnwood	584	1277.258	571.5	1255.607	546.5	1255.607	534	1277.258	546.5	1298.909	571.5	1298.909
Chatham & Aylesford	996.5	1125.701	984	1104.05	959	1104.05	946.5	1125.701	959	1147.352	984	1147.352
Cheadle	1334	1580.372	1321.5	1558.721	1296.5	1558.721	1284	1580.372	1296.5	1602.023	1321.5	1602.023
Chelmsford	771.5	909.191	759	887.54	734	887.54	721.5	909.191	734	930.842	759	930.842
Chelsea & Fulham	1259	1407.164	1246.5	1385.513	1221.5	1385.513	1209	1407.164	1221.5	1428.815	1246.5	1428.815
Cheltenham	996.5	1515.419	984	1493.768	959	1493.768	946.5	1515.419	959	1537.07	984	1537.07
Chesham & Amersham	696.5	1428.815	684	1407.164	659	1407.164	646.5	1428.815	659	1450.466	684	1450.466
Chester, City of	771.5	1428.815	759	1407.164	734	1407.164	721.5	1428.815	734	1450.466	759	1450.466
Chesterfield	584	1017.446	571.5	995.795	546.5	995.795	534	1017.446	546.5	1039.097	571.5	1039.097
Chichester	959	1017.446	946.5	995.795	921.5	995.795	909	1017.446	921.5	1039.097	946.5	1039.097
Chingford & Woodford Green	996.5	1731.929	984	1710.278	959	1710.278	946.5	1731.929	959	1753.58	984	1753.58
Chippenham	1184	1407.164	1171.5	1385.513	1146.5	1385.513	1134	1407.164	1146.5	1428.815	1171.5	1428.815
Chipping Barnet	621.5	1645.325	609	1623.674	584	1623.674	571.5	1645.325	584	1666.976	609	1666.976
Chorley	1034	1320.56	1021.5	1298.909	996.5	1298.909	984	1320.56	996.5	1342.211	1021.5	1342.211
Christchurch	659	714.332	646.5	692.681	621.5	692.681	609	714.332	621.5	735.983	646.5	735.983
Cities of London & Westminster	659	1753.58	646.5	1731.929	621.5	1731.929	609	1753.58	621.5	1775.231	646.5	1775.231
Clacton	1034	1493.768	1021.5	1472.117	996.5	1472.117	984	1493.768	996.5	1515.419	1021.5	1515.419
Cleethorpes	1371.5	1342.211	1359	1320.56	1334	1320.56	1321.5	1342.211	1334	1363.862	1359	1363.862
Clwyd South	1146.5	995.795	1134	974.144	1109	974.144	1096.5	995.795	1109	1017.446	1134	1017.446
Clwyd West	584	1147.352	571.5	1125.701	546.5	1125.701	534	1147.352	546.5	1169.003	571.5	1169.003
Coatbridge, Chryston & Bellshill	546.5	1125.701	534	1104.05	509	1104.05	496.5	1125.701	509	1147.352	534	1147.352
Colchester	621.5	389.567	609	367.916	584	367.916	571.5	389.567	584	411.218	609	411.218
Colne Valley	1259	1363.862	1246.5	1342.211	1221.5	1342.211	1209	1363.862	1221.5	1385.513	1246.5	1385.513
Congleton	884	930.842	871.5	909.191	846.5	909.191	834	930.842	846.5	952.493	871.5	952.493
Copeland	771.5	952.493	759	930.842	734	930.842	721.5	952.493	734	974.144	759	974.144
Corby	696.5	606.077	684	584.426	659	584.426	646.5	606.077	659	627.728	684	627.728
Cornwall North	1034	1147.352	1021.5	1125.701	996.5	1125.701	984	1147.352	996.5	1169.003	1021.5	1169.003
Cornwall South East	321.5	1818.533	309	1796.882	284	1796.882	271.5	1818.533	284	1840.184	309	1840.184
Cotswolds, The	321.5	1861.835	309	1840.184	284	1840.184	271.5	1861.835	284	1883.486	309	1883.486
Coventry North East	696.5	1472.117	684	1450.466	659	1450.466	646.5	1472.117	659	1493.768	684	1493.768
Coventry North West	846.5	1125.701	834	1104.05	809	1104.05	796.5	1125.701	809	1147.352	834	1147.352
Coventry South	846.5	1169.003	834	1147.352	809	1147.352	796.5	1169.003	809	1190.654	834	1190.654
Crawley	809	1190.654	796.5	1169.003	771.5	1169.003	759	1190.654	771.5	1212.305	796.5	1212.305
Crewe & Nantwich	996.5	1688.627	984	1666.976	959	1666.976	946.5	1688.627	959	1710.278	984	1710.278
Croydon Central	696.5	952.493	684	930.842	659	930.842	646.5	952.493	659	974.144	684	974.144
Croydon North	1071.5	1645.325	1059	1623.674	1034	1623.674	1021.5	1645.325	1034	1666.976	1059	1666.976
Croydon South	1034	1623.674	1021.5	1602.023	996.5	1602.023	984	1623.674	996.5	1645.325	1021.5	1645.325
Cumbernauld, Kilsyth & Kirkintilloch East	1034	1666.976	1021.5	1645.325	996.5	1645.325	984	1666.976	996.5	1688.627	1021.5	1688.627
Cynon Valley	621.5	259.661	609	238.01	584	238.01	571.5	259.661	584	281.312	609	281.312
Dagenham & Rainham	546.5	1385.513	534	1363.862	509	1363.862	496.5	1385.513	509	1407.164	534	1407.164
Darlington	1259	1537.07	1246.5	1515.419	1221.5	1515.419	1209	1537.07	1221.5	1558.721	1246.5	1558.721
Dartford	959	627.728	946.5	606.077	921.5	606.077	909	627.728	921.5	649.379	946.5	649.379
Daventry	1259	1580.372	1246.5	1558.721	1221.5	1558.721	1209	1580.372	1221.5	1602.023	1246.5	1602.023
Delyn	846.5	1212.305	834	1190.654	809	1190.654	796.5	1212.305	809	1233.956	834	1233.956
Denton & Reddish	546.5	1039.097	534	1017.446	509	1017.446	496.5	1039.097	509	1060.748	534	1060.748
Derby North	809	844.238	796.5	822.587	771.5	822.587	759	844.238	771.5	865.889	796.5	865.889
Derby South	884	1060.748	871.5	1039.097	846.5	1039.097	834	1060.748	846.5	1082.399	871.5	1082.399
Derbyshire Dales	921.5	1082.399	909	1060.748	884	1060.748	871.5	1082.399	884	1104.05	909	1104.05
Derbyshire Mid	884	1017.446	871.5	995.795	846.5	995.795	834	1017.446	846.5	1039.097	871.5	1039.097
Derbyshire North East	921.5	1039.097	909	1017.446	884	1017.446	871.5	1039.097	884	1060.748	909	1060.748
Derbyshire South	921.5	995.795	909	974.144	884	974.144	871.5	995.795	884	1017.446	909	1017.446
Devizes	884	1104.05	871.5	1082.399	846.5	1082.399	834	1104.05	846.5	1125.701	871.5	1125.701
Devon Central	659	1666.976	646.5	1645.325	621.5	1645.325	609	1666.976	621.5	1688.627	646.5	1688.627
Devon East	396.5	1775.231	384	1753.58	359	1753.58	346.5	1775.231	359	1796.882	384	1796.882
Devon North	471.5	1775.231	459	1753.58	434	1753.58	421.5	1775.231	434	1796.882	459	1796.882
Devon South West	396.5	1731.929	384	1710.278	359	1710.278	346.5	1731.929	359	1753.58	384	1753.58
Devon West & Torridge	396.5	1861.835	384	1840.184	359	1840.184	346.5	1861.835	359	1883.486	384	1883.486
Dewsbury	359	1796.882	346.5	1775.231	321.5	1775.231	309	1796.882	321.5	1818.533	346.5	1818.533
Don Valley	959	844.238	946.5	822.587	921.5	822.587	909	844.238	921.5	865.889	946.5	865.889
Doncaster Central	1034	887.54	1021.5	865.889	996.5	865.889	984	887.54	996.5	909.191	1021.5	909.191
Doncaster North	1071.5	865.889	1059	844.238	1034	844.238	1021.5	865.889	1034	887.54	1059	887.54
Dorset Mid & Poole North	1071.5	822.587	1059	800.936	1034	800.936	1021.5	822.587	1034	844.238	1059	844.238
Dorset North	546.5	1731.929	534	1710.278	509	1710.278	496.5	1731.929	509	1753.58	534	1753.58
Dorset South	584	1710.278	571.5	1688.627	546.5	1688.627	534	1710.278	546.5	1731.929	571.5	1731.929
Dorset West	584	1796.882	571.5	1775.231	546.5	1775.231	534	1796.882	546.5	1818.533	571.5	1818.533
Dover	546.5	1775.231	534	1753.58	509	1753.58	496.5	1775.231	509	1796.882	534	1796.882
Down North	1371.5	1645.325	1359	1623.674	1334	1623.674	1321.5	1645.325	1334	1666.976	1359	1666.976
Down South	209	757.634	196.5	735.983	171.5	735.983	159	757.634	171.5	779.285	196.5	779.285
Dudley North	171.5	822.587	159	800.936	134	800.936	121.5	822.587	134	844.238	159	844.238
Dudley South	659	1147.352	646.5	1125.701	621.5	1125.701	609	1147.352	621.5	1169.003	646.5	1169.003
Dulwich & West Norwood	659	1190.654	646.5	1169.003	621.5	1169.003	609	1190.654	621.5	1212.305	646.5	1212.305
Dumfries & Galloway	1071.5	1558.721	1059	1537.07	1034	1537.07	1021.5	1558.721	1034	1580.372	1059	1580.372
Dumfriesshire, Clydesdale & Tweeddale	621.5	519.473	609	497.822	584	497.822	571.5	519.473	584	541.124	609	541.124
Dunbartonshire East	696.5	519.473	684	497.822	659	497.822	646.5	519.473	659	541.124	684	541.124
Dunbartonshire West	584	281.312	571.5	259.661	546.5	259.661	534	281.312	546.5	302.963	571.5	302.963
Dundee East	584	238.01	571.5	216.359	546.5	216.359	534	238.01	546.5	259.661	571.5	259.661
Dundee West	696.5	216.359	684	194.708	659	194.708	646.5	216.359	659	238.01	684	238.01
Dunfermline & Fife West	734	238.01	721.5	216.359	696.5	216.359	684	238.01	696.5	259.661	721.5	259.661
Durham, City of	696.5	259.661	684	238.01	659	238.01	646.5	259.661	659	281.312	684	281.312
Durham North	884	584.426	871.5	562.775	846.5	562.775	834	584.426	846.5	606.077	871.5	606.077
Durham North West	846.5	606.077	834	584.426	809	584.426	796.5	606.077	809	627.728	834	627.728
Dwyfor Meirionnydd	809	584.426	796.5	562.775	771.5	562.775	759	584.426	771.5	606.077	796.5	606.077
Ealing Central & Acton	509	1147.352	496.5	1125.701	471.5	1125.701	459	1147.352	471.5	1169.003	496.5	1169.003
Ealing North	921.5	1428.815	909	1407.164	884	1407.164	871.5	1428.815	884	1450.466	909	1450.466
Ealing Southall	884	1450.466	871.5	1428.815	846.5	1428.815	834	1450.466	846.5	1472.117	871.5	1472.117
Easington	884	1493.768	871.5	1472.117	846.5	1472.117	834	1493.768	846.5	1515.419	871.5	1515.419
East Ham	959	541.124	946.5	519.473	921.5	519.473	909	541.124	921.5	562.775	946.5	562.775
East Kilbride, Strathaven & Lesmahagow	1221.5	1472.117	1209	1450.466	1184	1450.466	1171.5	1472.117	1184	1493.768	1209	1493.768
East Lothian	584	454.52	571.5	432.869	546.5	432.869	534	454.52	546.5	476.171	571.5	476.171
Eastbourne	771.5	389.567	759	367.916	734	367.916	721.5	389.567	734	411.218	759	411.218
Eastleigh	1259	1710.278	1246.5	1688.627	1221.5	1688.627	1209	1710.278	1221.5	1731.929	1246.5	1731.929
Eddisbury	809	1753.58	796.5	1731.929	771.5	1731.929	759	1753.58	771.5	1775.231	796.5	1775.231
Edinburgh East	621.5	995.795	609	974.144	584	974.144	571.5	995.795	584	1017.446	609	1017.446
Edinburgh North & Leith	734	367.916	721.5	346.265	696.5	346.265	684	367.916	696.5	389.567	721.5	389.567
Edinburgh South	734	411.218	721.5	389.567	696.5	389.567	684	411.218	696.5	432.869	721.5	432.869
Edinburgh South West	696.5	432.869	684	411.218	659	411.218	646.5	432.869	659	454.52	684	454.52
Edinburgh West	696.5	389.567	684	367.916	659	367.916	646.5	389.567	659	411.218	684	411.218
Edmonton	696.5	346.265	684	324.614	659	324.614	646.5	346.265	659	367.916	684	367.916
Ellesmere Port & Neston	1146.5	1385.513	1134	1363.862	1109	1363.862	1096.5	1385.513	1109	1407.164	1134	1407.164
Elmet & Rothwell	546.5	952.493	534	930.842	509	930.842	496.5	952.493	509	974.144	534	974.144
Eltham	996.5	692.681	984	671.03	959	671.03	946.5	692.681	959	714.332	984	714.332
Enfield North	1184	1537.07	1171.5	1515.419	1146.5	1515.419	1134	1537.07	1146.5	1558.721	1171.5	1558.721
Enfield Southgate	1109	1363.862	1096.5	1342.211	1071.5	1342.211	1059	1363.862	1071.5	1385.513	1096.5	1385.513
Epping Forest	1071.5	1342.211	1059	1320.56	1034	1320.56	1021.5	1342.211	1034	1363.862	1059	1363.862
Epsom & Ewell	1146.5	1342.211	1134	1320.56	1109	1320.56	1096.5	1342.211	1109	1363.862	1134	1363.862
Erewash	921.5	1645.325	909	1623.674	884	1623.674	871.5	1645.325	884	1666.976	909	1666.976
Erith & Thamesmead	996.5	1082.399	984	1060.748	959	1060.748	946.5	1082.399	959	1104.05	984	1104.05
Esher & Walton	1221.5	1558.721	1209	1537.07	1184	1537.07	1171.5	1558.721	1184	1580.372	1209	1580.372
Exeter	846.5	1602.023	834	1580.372	809	1580.372	796.5	1602.023	809	1623.674	834	1623.674
Falkirk	434	1796.882	421.5	1775.231	396.5	1775.231	384	1796.882	396.5	1818.533	421.5	1818.533
Fareham	659	281.312	646.5	259.661	621.5	259.661	609	281.312	621.5	302.963	646.5	302.963
Faversham & Kent Mid	846.5	1775.231	834	1753.58	809	1753.58	796.5	1775.231	809	1796.882	834	1796.882
Feltham & Heston	1334	1623.674	1321.5	1602.023	1296.5	1602.023	1284	1623.674	1296.5	1645.325	1321.5	1645.325
Fermanagh & South Tyrone	884	1537.07	871.5	1515.419	846.5	1515.419	834	1537.07	846.5	1558.721	871.5	1558.721
Fife North East	59	714.332	46.5	692.681	21.5	692.681	9	714.332	21.5	735.983	46.5	735.983
Filton & Bradley Stoke	771.5	259.661	759	238.01	734	238.01	721.5	259.661	734	281.312	759	281.312
Finchley & Golders Green	584	1537.07	571.5	1515.419	546.5	1515.419	534	1537.07	546.5	1558.721	571.5	1558.721
Folkestone & Hythe	1034	1363.862	1021.5	1342.211	996.5	1342.211	984	1363.862	996.5	1385.513	1021.5	1385.513
Forest of Dean	1334	1666.976	1321.5	1645.325	1296.5	1645.325	1284	1666.976	1296.5	1688.627	1321.5	1688.627
Foyle	621.5	1472.117	609	1450.466	584	1450.466	571.5	1472.117	584	1493.768	609	1493.768
Fylde	96.5	649.379	84	627.728	59	627.728	46.5	649.379	59	671.03	84	671.03
Gainsborough	621.5	735.983	609	714.332	584	714.332	571.5	735.983	584	757.634	609	757.634
Garston & Halewood	1146.5	1039.097	1134	1017.446	1109	1017.446	1096.5	1039.097	1109	1060.748	1134	1060.748
Gateshead	621.5	952.493	609	930.842	584	930.842	571.5	952.493	584	974.144	609	974.144
Gedling	884	541.124	871.5	519.473	846.5	519.473	834	541.124	846.5	562.775	871.5	562.775
Gillingham & Rainham	1109	1060.748	1096.5	1039.097	1071.5	1039.097	1059	1060.748	1071.5	1082.399	1096.5	1082.399
Glasgow Central	1371.5	1602.023	1359	1580.372	1334	1580.372	1321.5	1602.023	1334	1623.674	1359	1623.674
Glasgow East	584	367.916	571.5	346.265	546.5	346.265	534	367.916	546.5	389.567	571.5	389.567
Glasgow North	621.5	346.265	609	324.614	584	324.614	571.5	346.265	584	367.916	609	367.916
Glasgow North East	584	324.614	571.5	302.963	546.5	302.963	534	324.614	546.5	346.265	571.5	346.265
Glasgow North West	621.5	302.963	609	281.312	584	281.312	571.5	302.963	584	324.614	609	324.614
Glasgow South	546.5	302.963	534	281.312	509	281.312	496.5	302.963	509	324.614	534	324.614
Glasgow South West	621.5	432.869	609	411.218	584	411.218	571.5	432.869	584	454.52	609	454.52
Glenrothes	546.5	346.265	534	324.614	509	324.614	496.5	346.265	509	367.916	534	367.916
Gloucester	734	281.312	721.5	259.661	696.5	259.661	684	281.312	696.5	302.963	721.5	302.963
Gordon	659	1493.768	646.5	1472.117	621.5	1472.117	609	1493.768	621.5	1515.419	646.5	1515.419
Gosport	659	151.406	646.5	129.755	621.5	129.755	609	151.406	621.5	173.057	646.5	173.057
Gower	884	1753.58	871.5	1731.929	846.5	1731.929	834	1753.58	846.5	1775.231	871.5	1775.231
Grantham & Stamford	396.5	1472.117	384	1450.466	359	1450.466	346.5	1472.117	359	1493.768	384	1493.768
Gravesham	1109	1190.654	1096.5	1169.003	1071.5	1169.003	1059	1190.654	1071.5	1212.305	1096.5	1212.305
Great Grimsby	1296.5	1558.721	1284	1537.07	1259	1537.07	1246.5	1558.721	1259	1580.372	1284	1580.372
Great Yarmouth	1296.5	1255.607	1284	1233.956	1259	1233.956	1246.5	1255.607	1259	1277.258	1284	1277.258
Greenwich & Woolwich	1184	1493.768	1171.5	1472.117	1146.5	1472.117	1134	1493.768	1146.5	1515.419	1171.5	1515.419
Guildford	1146.5	952.493	1134	930.842	1109	930.842	1096.5	952.493	1109	974.144	1134	974.144
Hackney North & Stoke Newington	884	1666.976	871.5	1645.325	846.5	1645.325	834	1666.976	846.5	1688.627	871.5	1688.627
Hackney South & Shoreditch	1071.5	1428.815	1059	1407.164	1034	1407.164	1021.5	1428.815	1034	1450.466	1059	1450.466
Halesowen & Rowley Regis	1109	1450.466	1096.5	1428.815	1071.5	1428.815	1059	1450.466	1071.5	1472.117	1096.5	1472.117
Halifax	696.5	1255.607	684	1233.956	659	1233.956	646.5	1255.607	659	1277.258	684	1277.258
Haltemprice & Howden	884	844.238	871.5	822.587	846.5	822.587	834	844.238	846.5	865.889	871.5	865.889
Halton	1109	800.936	1096.5	779.285	1071.5	779.285	1059	800.936	1071.5	822.587	1096.5	822.587
Hammersmith	659	930.842	646.5	909.191	621.5	909.191	609	930.842	621.5	952.493	646.5	952.493
Hampshire East	959	1537.07	946.5	1515.419	921.5	1515.419	909	1537.07	921.5	1558.721	946.5	1558.721
Hampshire North East	921.5	1688.627	909	1666.976	884	1666.976	871.5	1688.627	884	1710.278	909	1710.278
Hampshire North West	771.5	1645.325	759	1623.674	734	1623.674	721.5	1645.325	734	1666.976	759	1666.976
Hampstead & Kilburn	696.5	1645.325	684	1623.674	659	1623.674	646.5	1645.325	659	1666.976	684	1666.976
Harborough	959	1450.466	946.5	1428.815	921.5	1428.815	909	1450.466	921.5	1472.117	946.5	1472.117
Harlow	959	1190.654	946.5	1169.003	921.5	1169.003	909	1190.654	921.5	1212.305	946.5	1212.305
Harrogate & Knaresborough	1109	1320.56	1096.5	1298.909	1071.5	1298.909	1059	1320.56	1071.5	1342.211	1096.5	1342.211
Harrow East	1034	671.03	1021.5	649.379	996.5	649.379	984	671.03	996.5	692.681	1021.5	692.681
Harrow West	959	1363.862	946.5	1342.211	921.5	1342.211	909	1363.862	921.5	1385.513	946.5	1385.513
Hartlepool	921.5	1385.513	909	1363.862	884	1363.862	871.5	1385.513	884	1407.164	909	1407.164
Harwich & Essex North	996.5	562.775	984	541.124	959	541.124	946.5	562.775	959	584.426	984	584.426
Hastings & Rye	1296.5	1342.211	1284	1320.56	1259	1320.56	1246.5	1342.211	1259	1363.862	1284	1363.862
Havant	1296.5	1688.627	1284	1666.976	1259	1666.976	1246.5	1688.627	1259	1710.278	1284	1710.278
Hayes & Harlington	959	1710.278	946.5	1688.627	921.5	1688.627	909	1710.278	921.5	1731.929	946.5	1731.929
Hazel Grove	846.5	1515.419	834	1493.768	809	1493.768	796.5	1515.419	809	1537.07	834	1537.07
Hemel Hempstead	846.5	952.493	834	930.842	809	930.842	796.5	952.493	809	974.144	834	974.144
Hemsworth	1071.5	1255.607	1059	1233.956	1034	1233.956	1021.5	1255.607	1034	1277.258	1059	1277.258
Hendon	1071.5	779.285	1059	757.634	1034	757.634	1021.5	779.285	1034	800.936	1059	800.936
Henley	996.5	1342.211	984	1320.56	959	1320.56	946.5	1342.211	959	1363.862	984	1363.862
Hereford & Herefordshire South	771.5	1385.513	759	1363.862	734	1363.862	721.5	1385.513	734	1407.164	759	1407.164
Herefordshire North	659	1407.164	646.5	1385.513	621.5	1385.513	609	1407.164	621.5	1428.815	646.5	1428.815
Hertford & Stortford	621.5	1298.909	609	1277.258	584	1277.258	571.5	1298.909	584	1320.56	609	1320.56
Hertfordshire North East	1109	1277.258	1096.5	1255.607	1071.5	1255.607	1059	1277.258	1071.5	1298.909	1096.5	1298.909
Hertfordshire South West	1109	1233.956	1096.5	1212.305	1071.5	1212.305	1059	1233.956	1071.5	1255.607	1096.5	1255.607
Hertsmere	884	1363.862	871.5	1342.211	846.5	1342.211	834	1363.862	846.5	1385.513	871.5	1385.513
Hexham	959	1320.56	946.5	1298.909	921.5	1298.909	909	1320.56	921.5	1342.211	946.5	1342.211
Heywood & Middleton	771.5	519.473	759	497.822	734	497.822	721.5	519.473	734	541.124	759	541.124
High Peak	809	714.332	796.5	692.681	771.5	692.681	759	714.332	771.5	735.983	796.5	735.983
Hitchin & Harpenden	884	974.144	871.5	952.493	846.5	952.493	834	974.144	846.5	995.795	871.5	995.795
Holborn & St Pancras	959	1277.258	946.5	1255.607	921.5	1255.607	909	1277.258	921.5	1298.909	946.5	1298.909
Hornchurch & Upminster	1034	1450.466	1021.5	1428.815	996.5	1428.815	984	1450.466	996.5	1472.117	1021.5	1472.117
Hornsey & Wood Green	1296.5	1515.419	1284	1493.768	1259	1493.768	1246.5	1515.419	1259	1537.07	1284	1537.07
Horsham	996.5	1428.815	984	1407.164	959	1407.164	946.5	1428.815	959	1450.466	984	1450.466
Houghton & Sunderland South	1109	1666.976	1096.5	1645.325	1071.5	1645.325	1059	1666.976	1071.5	1688.627	1096.5	1688.627
Hove	921.5	562.775	909	541.124	884	541.124	871.5	562.775	884	584.426	909	584.426
Huddersfield	1146.5	1731.929	1134	1710.278	1109	1710.278	1096.5	1731.929	1109	1753.58	1134	1753.58
Hull East	921.5	865.889	909	844.238	884	844.238	871.5	865.889	884	887.54	909	887.54
Hull North	1109	887.54	1096.5	865.889	1071.5	865.889	1059	887.54	1071.5	909.191	1096.5	909.191
Hull West & Hessle	1109	844.238	1096.5	822.587	1071.5	822.587	1059	844.238	1071.5	865.889	1096.5	865.889
Huntingdon	1109	930.842	1096.5	909.191	1071.5	909.191	1059	930.842	1071.5	952.493	1096.5	952.493
Hyndburn	959	1233.956	946.5	1212.305	921.5	1212.305	909	1233.956	921.5	1255.607	946.5	1255.607
Ilford North	809	671.03	796.5	649.379	771.5	649.379	759	671.03	771.5	692.681	796.5	692.681
Ilford South	1221.5	1428.815	1209	1407.164	1184	1407.164	1171.5	1428.815	1184	1450.466	1209	1450.466
Inverclyde	1259	1450.466	1246.5	1428.815	1221.5	1428.815	1209	1450.466	1221.5	1472.117	1246.5	1472.117
Inverness, Nairn, Badenoch & Strathspey	509	324.614	496.5	302.963	471.5	302.963	459	324.614	471.5	346.265	496.5	346.265
Ipswich	621.5	173.057	609	151.406	584	151.406	571.5	173.057	584	194.708	609	194.708
Isle of Wight	1296.5	1298.909	1284	1277.258	1259	1277.258	1246.5	1298.909	1259	1320.56	1284	1320.56
Islington North	771.5	1818.533	759	1796.882	734	1796.882	721.5	1818.533	734	1840.184	759	1840.184
Islington South & Finsbury	1034	1407.164	1021.5	1385.513	996.5	1385.513	984	1407.164	996.5	1428.815	1021.5	1428.815
Islwyn	1071.5	1472.117	1059	1450.466	1034	1450.466	1021.5	1472.117	1034	1493.768	1059	1493.768
Jarrow	584	1363.862	571.5	1342.211	546.5	1342.211	534	1363.862	546.5	1385.513	571.5	1385.513
Keighley	884	497.822	871.5	476.171	846.5	476.171	834	497.822	846.5	519.473	871.5	519.473
Kenilworth & Southam	884	714.332	871.5	692.681	846.5	692.681	834	714.332	846.5	735.983	871.5	735.983
Kensington	771.5	1298.909	759	1277.258	734	1277.258	721.5	1298.909	734	1320.56	759	1320.56
Kettering	959	1493.768	946.5	1472.117	921.5	1472.117	909	1493.768	921.5	1515.419	946.5	1515.419
Kilmarnock & Loudoun	996.5	1169.003	984	1147.352	959	1147.352	946.5	1169.003	959	1190.654	984	1190.654
Kingston & Surbiton	621.5	476.171	609	454.52	584	454.52	571.5	476.171	584	497.822	609	497.822
Kingswood	884	1623.674	871.5	1602.023	846.5	1602.023	834	1623.674	846.5	1645.325	871.5	1645.325
Kirkcaldy & Cowdenbeath	621.5	1558.721	609	1537.07	584	1537.07	571.5	1558.721	584	1580.372	609	1580.372
Knowsley	696.5	302.963	684	281.312	659	281.312	646.5	302.963	659	324.614	684	324.614
Lagan Valley	621.5	865.889	609	844.238	584	844.238	571.5	865.889	584	887.54	609	887.54
Lanark & Hamilton East	171.5	779.285	159	757.634	134	757.634	121.5	779.285	134	800.936	159	800.936
Lancashire West	659	454.52	646.5	432.869	621.5	432.869	609	454.52	621.5	476.171	646.5	476.171
Lancaster & Fleetwood	621.5	779.285	609	757.634	584	757.634	571.5	779.285	584	800.936	609	800.936
Leeds Central	809	627.728	796.5	606.077	771.5	606.077	759	627.728	771.5	649.379	796.5	649.379
Leeds East	921.5	779.285	909	757.634	884	757.634	871.5	779.285	884	800.936	909	800.936
Leeds North East	1034	800.936	1021.5	779.285	996.5	779.285	984	800.936	996.5	822.587	1021.5	822.587
Leeds North West	996.5	779.285	984	757.634	959	757.634	946.5	779.285	959	800.936	984	800.936
Leeds West	959	757.634	946.5	735.983	921.5	735.983	909	757.634	921.5	779.285	946.5	779.285
Leicester East	959	714.332	946.5	692.681	921.5	692.681	909	714.332	921.5	735.983	946.5	735.983
Leicester South	959	1147.352	946.5	1125.701	921.5	1125.701	909	1147.352	921.5	1169.003	946.5	1169.003
Leicester West	921.5	1212.305	909	1190.654	884	1190.654	871.5	1212.305	884	1233.956	909	1233.956
Leicestershire North West	921.5	1169.003	909	1147.352	884	1147.352	871.5	1169.003	884	1190.654	909	1190.654
Leicestershire South	921.5	1125.701	909	1104.05	884	1104.05	871.5	1125.701	884	1147.352	909	1147.352
Leigh	884	1190.654	871.5	1169.003	846.5	1169.003	834	1190.654	846.5	1212.305	871.5	1212.305
Lewes	659	844.238	646.5	822.587	621.5	822.587	609	844.238	621.5	865.889	646.5	865.889
Lewisham Deptford	1221.5	1688.627	1209	1666.976	1184	1666.976	1171.5	1688.627	1184	1710.278	1209	1710.278
Lewisham East	1146.5	1515.419	1134	1493.768	1109	1493.768	1096.5	1515.419	1109	1537.07	1134	1537.07
Lewisham West & Penge	1109	1580.372	1096.5	1558.721	1071.5	1558.721	1059	1580.372	1071.5	1602.023	1096.5	1602.023
Leyton & Wanstead	1071.5	1602.023	1059	1580.372	1034	1580.372	1021.5	1602.023	1034	1623.674	1059	1623.674
Lichfield	1146.5	1428.815	1134	1407.164	1109	1407.164	1096.5	1428.815	1109	1450.466	1134	1450.466
Lincoln	809	1017.446	796.5	995.795	771.5	995.795	759	1017.446	771.5	1039.097	796.5	1039.097
Linlithgow & Falkirk East	1109	1104.05	1096.5	1082.399	1071.5	1082.399	1059	1104.05	1071.5	1125.701	1096.5	1125.701
Liverpool Riverside	659	324.614	646.5	302.963	621.5	302.963	609	324.614	621.5	346.265	646.5	346.265
Liverpool Walton	584	974.144	571.5	952.493	546.5	952.493	534	974.144	546.5	995.795	571.5	995.795
Liverpool Wavertree	584	844.238	571.5	822.587	546.5	822.587	534	844.238	546.5	865.889	571.5	865.889
Liverpool West Derby	584	930.842	571.5	909.191	546.5	909.191	534	930.842	546.5	952.493	571.5	952.493
Livingston	584	887.54	571.5	865.889	546.5	865.889	534	887.54	546.5	909.191	571.5	909.191
Llanelli	696.5	476.171	684	454.52	659	454.52	646.5	476.171	659	497.822	684	497.822
Londonderry East	396.5	1428.815	384	1407.164	359	1407.164	346.5	1428.815	359	1450.466	384	1450.466
Loughborough	134	627.728	121.5	606.077	96.5	606.077	84	627.728	96.5	649.379	121.5	649.379
Louth & Horncastle	959	1104.05	946.5	1082.399	921.5	1082.399	909	1104.05	921.5	1125.701	946.5	1125.701
Ludlow	1146.5	1082.399	1134	1060.748	1109	1060.748	1096.5	1082.399	1109	1104.05	1134	1104.05
Luton North	621.5	1212.305	609	1190.654	584	1190.654	571.5	1212.305	584	1233.956	609	1233.956
Luton South	884	1320.56	871.5	1298.909	846.5	1298.909	834	1320.56	846.5	1342.211	871.5	1342.211
Macclesfield	921.5	1298.909	909	1277.258	884	1277.258	871.5	1298.909	884	1320.56	909	1320.56
Maidenhead	809	930.842	796.5	909.191	771.5	909.191	759	930.842	771.5	952.493	796.5	952.493
Maidstone & The Weald	771.5	1558.721	759	1537.07	734	1537.07	721.5	1558.721	734	1580.372	759	1580.372
Makerfield	1296.5	1602.023	1284	1580.372	1259	1580.372	1246.5	1602.023	1259	1623.674	1284	1623.674
Maldon	659	800.936	646.5	779.285	621.5	779.285	609	800.936	621.5	822.587	646.5	822.587
Manchester Central	1371.5	1385.513	1359	1363.862	1334	1363.862	1321.5	1385.513	1334	1407.164	1359	1407.164
Manchester Gorton	771.5	822.587	759	800.936	734	800.936	721.5	822.587	734	844.238	759	844.238
Manchester Withington	696.5	822.587	684	800.936	659	800.936	646.5	822.587	659	844.238	684	844.238
Mansfield	771.5	865.889	759	844.238	734	844.238	721.5	865.889	734	887.54	759	887.54
Meon Valley	1034	974.144	1021.5	952.493	996.5	952.493	984	974.144	996.5	995.795	1021.5	995.795
Meriden	846.5	1731.929	834	1710.278	809	1710.278	796.5	1731.929	809	1753.58	834	1753.58
Merthyr Tydfil & Rhymney	809	1147.352	796.5	1125.701	771.5	1125.701	759	1147.352	771.5	1169.003	796.5	1169.003
Middlesbrough	546.5	1342.211	534	1320.56	509	1320.56	496.5	1342.211	509	1363.862	534	1363.862
Middlesbrough South & Cleveland East	996.5	606.077	984	584.426	959	584.426	946.5	606.077	959	627.728	984	627.728
Midlothian	1034	627.728	1021.5	606.077	996.5	606.077	984	627.728	996.5	649.379	1021.5	649.379
Milton Keynes North	734	497.822	721.5	476.171	696.5	476.171	684	497.822	696.5	519.473	721.5	519.473
Milton Keynes South	809	1363.862	796.5	1342.211	771.5	1342.211	759	1363.862	771.5	1385.513	796.5	1385.513
Mitcham & Morden	809	1407.164	796.5	1385.513	771.5	1385.513	759	1407.164	771.5	1428.815	796.5	1428.815
Mole Valley	959	1623.674	946.5	1602.023	921.5	1602.023	909	1623.674	921.5	1645.325	946.5	1645.325
Monmouth	846.5	1645.325	834	1623.674	809	1623.674	796.5	1645.325	809	1666.976	834	1666.976
Montgomeryshire	621.5	1385.513	609	1363.862	584	1363.862	571.5	1385.513	584	1407.164	609	1407.164
Moray	584	1190.654	571.5	1169.003	546.5	1169.003	534	1190.654	546.5	1212.305	571.5	1212.305
Morecambe & Lunesdale	659	194.708	646.5	173.057	621.5	173.057	609	194.708	621.5	216.359	646.5	216.359
Morley & Outwood	734	627.728	721.5	606.077	696.5	606.077	684	627.728	696.5	649.379	721.5	649.379
Motherwell & Wishaw	996.5	822.587	984	800.936	959	800.936	946.5	822.587	959	844.238	984	844.238
Na h-Eileanan an Iar (Western Isles)	659	411.218	646.5	389.567	621.5	389.567	609	411.218	621.5	432.869	646.5	432.869
Neath	509	151.406	496.5	129.755	471.5	129.755	459	151.406	471.5	173.057	496.5	173.057
New Forest East	471.5	1385.513	459	1363.862	434	1363.862	421.5	1385.513	434	1407.164	459	1407.164
New Forest West	696.5	1731.929	684	1710.278	659	1710.278	646.5	1731.929	659	1753.58	684	1753.58
Newark	696.5	1775.231	684	1753.58	659	1753.58	646.5	1775.231	659	1796.882	684	1796.882
Newbury	1109	1017.446	1096.5	995.795	1071.5	995.795	1059	1017.446	1071.5	1039.097	1096.5	1039.097
Newcastle-under-Lyme	696.5	1602.023	684	1580.372	659	1580.372	646.5	1602.023	659	1623.674	684	1623.674
Newcastle upon Tyne Central	809	541.124	796.5	519.473	771.5	519.473	759	541.124	771.5	562.775	796.5	562.775
Newcastle upon Tyne East	846.5	562.775	834	541.124	809	541.124	796.5	562.775	809	584.426	834	584.426
Newcastle upon Tyne North	809	497.822	796.5	476.171	771.5	476.171	759	497.822	771.5	519.473	796.5	519.473
Newport East	621.5	1039.097	609	1017.446	584	1017.446	571.5	1039.097	584	1060.748	609	1060.748
Newport West	621.5	1428.815	609	1407.164	584	1407.164	571.5	1428.815	584	1450.466	609	1450.466
Newry & Armagh	584	1493.768	571.5	1472.117	546.5	1472.117	534	1493.768	546.5	1515.419	571.5	1515.419
Newton Abbot	96.5	779.285	84	757.634	59	757.634	46.5	779.285	59	800.936	84	800.936
Norfolk Mid	471.5	1818.533	459	1796.882	434	1796.882	421.5	1818.533	434	1840.184	459	1840.184
Norfolk North	1034	1190.654	1021.5	1169.003	996.5	1169.003	984	1190.654	996.5	1212.305	1021.5	1212.305
Norfolk North West	1259	1233.956	1246.5	1212.305	1221.5	1212.305	1209	1233.956	1221.5	1255.607	1246.5	1255.607
Norfolk South	1184	1190.654	1171.5	1169.003	1146.5	1169.003	1134	1190.654	1146.5	1212.305	1171.5	1212.305
Norfolk South West	1259	1277.258	1246.5	1255.607	1221.5	1255.607	1209	1277.258	1221.5	1298.909	1246.5	1298.909
Normanton, Pontefract & Castleford	1146.5	1255.607	1134	1233.956	1109	1233.956	1096.5	1255.607	1109	1277.258	1134	1277.258
Northampton North	996.5	735.983	984	714.332	959	714.332	946.5	735.983	959	757.634	984	757.634
Northampton South	846.5	1255.607	834	1233.956	809	1233.956	796.5	1255.607	809	1277.258	834	1277.258
Northamptonshire South 	846.5	1298.909	834	1277.258	809	1277.258	796.5	1298.909	809	1320.56	834	1320.56
Norwich North	809	1320.56	796.5	1298.909	771.5	1298.909	759	1320.56	771.5	1342.211	796.5	1342.211
Norwich South	1184	1233.956	1171.5	1212.305	1146.5	1212.305	1134	1233.956	1146.5	1255.607	1171.5	1255.607
Nottingham East	1221.5	1255.607	1209	1233.956	1184	1233.956	1171.5	1255.607	1184	1277.258	1209	1277.258
Nottingham North	1071.5	1082.399	1059	1060.748	1034	1060.748	1021.5	1082.399	1034	1104.05	1059	1104.05
Nottingham South	1071.5	1039.097	1059	1017.446	1034	1017.446	1021.5	1039.097	1034	1060.748	1059	1060.748
Nuneaton	1034	1104.05	1021.5	1082.399	996.5	1082.399	984	1104.05	996.5	1125.701	1021.5	1125.701
Ochil & South Perthshire	846.5	1082.399	834	1060.748	809	1060.748	796.5	1082.399	809	1104.05	834	1104.05
Ogmore	659	238.01	646.5	216.359	621.5	216.359	609	238.01	621.5	259.661	646.5	259.661
Old Bexley & Sidcup	471.5	1472.117	459	1450.466	434	1450.466	421.5	1472.117	434	1493.768	459	1493.768
Oldham East & Saddleworth	1221.5	1515.419	1209	1493.768	1184	1493.768	1171.5	1515.419	1184	1537.07	1209	1537.07
Oldham West & Royton	846.5	865.889	834	844.238	809	844.238	796.5	865.889	809	887.54	834	887.54
Orkney & Shetland	809	757.634	796.5	735.983	771.5	735.983	759	757.634	771.5	779.285	796.5	779.285
Orpington	696.5	43.151	684	21.5	659	21.5	646.5	43.151	659	64.802	684	64.802
Oxford East	1146.5	1602.023	1134	1580.372	1109	1580.372	1096.5	1602.023	1109	1623.674	1134	1623.674
Oxford West & Abingdon	771.5	1515.419	759	1493.768	734	1493.768	721.5	1515.419	734	1537.07	759	1537.07
Paisley & Renfrewshire North	734	1537.07	721.5	1515.419	696.5	1515.419	684	1537.07	696.5	1558.721	721.5	1558.721
Paisley & Renfrewshire South	546.5	259.661	534	238.01	509	238.01	496.5	259.661	509	281.312	534	281.312
Pendle	546.5	389.567	534	367.916	509	367.916	496.5	389.567	509	411.218	534	411.218
Penistone & Stocksbridge	846.5	692.681	834	671.03	809	671.03	796.5	692.681	809	714.332	834	714.332
Penrith & The Border	921.5	952.493	909	930.842	884	930.842	871.5	952.493	884	974.144	909	974.144
Perth & North Perthshire	734	541.124	721.5	519.473	696.5	519.473	684	541.124	696.5	562.775	721.5	562.775
Peterborough	621.5	216.359	609	194.708	584	194.708	571.5	216.359	584	238.01	609	238.01
Plymouth Moor View	1071.5	1212.305	1059	1190.654	1034	1190.654	1021.5	1212.305	1034	1233.956	1059	1233.956
Plymouth Sutton & Devonport	396.5	1818.533	384	1796.882	359	1796.882	346.5	1818.533	359	1840.184	384	1840.184
Pontypridd	359	1840.184	346.5	1818.533	321.5	1818.533	309	1840.184	321.5	1861.835	346.5	1861.835
Poole	509	1407.164	496.5	1385.513	471.5	1385.513	459	1407.164	471.5	1428.815	496.5	1428.815
Poplar & Limehouse	584	1753.58	571.5	1731.929	546.5	1731.929	534	1753.58	546.5	1775.231	571.5	1775.231
Portsmouth North	1109	1493.768	1096.5	1472.117	1071.5	1472.117	1059	1493.768	1071.5	1515.419	1096.5	1515.419
Portsmouth South	884	1710.278	871.5	1688.627	846.5	1688.627	834	1710.278	846.5	1731.929	871.5	1731.929
Preseli Pembrokeshire	921.5	1731.929	909	1710.278	884	1710.278	871.5	1731.929	884	1753.58	909	1753.58
Preston	359	1407.164	346.5	1385.513	321.5	1385.513	309	1407.164	321.5	1428.815	346.5	1428.815
Pudsey	696.5	692.681	684	671.03	659	671.03	646.5	692.681	659	714.332	684	714.332
Putney	921.5	692.681	909	671.03	884	671.03	871.5	692.681	884	714.332	909	714.332
Rayleigh & Wickford	921.5	1558.721	909	1537.07	884	1537.07	871.5	1558.721	884	1580.372	909	1580.372
Reading East	1296.5	1385.513	1284	1363.862	1259	1363.862	1246.5	1385.513	1259	1407.164	1284	1407.164
Reading West	734	1580.372	721.5	1558.721	696.5	1558.721	684	1580.372	696.5	1602.023	721.5	1602.023
Redcar	734	1623.674	721.5	1602.023	696.5	1602.023	684	1623.674	696.5	1645.325	721.5	1645.325
Redditch	1034	584.426	1021.5	562.775	996.5	562.775	984	584.426	996.5	606.077	1021.5	606.077
Reigate	696.5	1342.211	684	1320.56	659	1320.56	646.5	1342.211	659	1363.862	684	1363.862
Renfrewshire East	959	1666.976	946.5	1645.325	921.5	1645.325	909	1666.976	921.5	1688.627	946.5	1688.627
Rhondda	584	411.218	571.5	389.567	546.5	389.567	534	411.218	546.5	432.869	571.5	432.869
South Ribble	509	1363.862	496.5	1342.211	471.5	1342.211	459	1363.862	471.5	1385.513	496.5	1385.513
Ribble Valley	584	800.936	571.5	779.285	546.5	779.285	534	800.936	546.5	822.587	571.5	822.587
Richmond (Yorks)	846.5	649.379	834	627.728	809	627.728	796.5	649.379	809	671.03	834	671.03
Richmond Park	921.5	649.379	909	627.728	884	627.728	871.5	649.379	884	671.03	909	671.03
Rochdale	921.5	1515.419	909	1493.768	884	1493.768	871.5	1515.419	884	1537.07	909	1537.07
Rochester & Strood	846.5	822.587	834	800.936	809	800.936	796.5	822.587	809	844.238	834	844.238
Rochford & Southend East	1334	1537.07	1321.5	1515.419	1296.5	1515.419	1284	1537.07	1296.5	1558.721	1321.5	1558.721
Romford	1371.5	1428.815	1359	1407.164	1334	1407.164	1321.5	1428.815	1334	1450.466	1359	1450.466
Romsey & Southampton North	1296.5	1472.117	1284	1450.466	1259	1450.466	1246.5	1472.117	1259	1493.768	1284	1493.768
Ross, Skye & Lochaber	696.5	1688.627	684	1666.976	659	1666.976	646.5	1688.627	659	1710.278	684	1710.278
Rossendale & Darwen	584	151.406	571.5	129.755	546.5	129.755	534	151.406	546.5	173.057	571.5	173.057
Rotherham	846.5	779.285	834	757.634	809	757.634	796.5	779.285	809	800.936	834	800.936
Rother Valley	1071.5	952.493	1059	930.842	1034	930.842	1021.5	952.493	1034	974.144	1059	974.144
Rugby	996.5	865.889	984	844.238	959	844.238	946.5	865.889	959	887.54	984	887.54
Ruislip, Northwood & Pinner	809	1233.956	796.5	1212.305	771.5	1212.305	759	1233.956	771.5	1255.607	796.5	1255.607
Runnymede & Weybridge	884	1407.164	871.5	1385.513	846.5	1385.513	834	1407.164	846.5	1428.815	871.5	1428.815
Rushcliffe	809	1537.07	796.5	1515.419	771.5	1515.419	759	1537.07	771.5	1558.721	796.5	1558.721
Rutherglen & Hamilton West	1071.5	1125.701	1059	1104.05	1034	1104.05	1021.5	1125.701	1034	1147.352	1059	1147.352
Rutland & Melton	659	497.822	646.5	476.171	621.5	476.171	609	497.822	621.5	519.473	646.5	519.473
Saffron Walden	1071.5	1169.003	1059	1147.352	1034	1147.352	1021.5	1169.003	1034	1190.654	1059	1190.654
Salford & Eccles	1221.5	1385.513	1209	1363.862	1184	1363.862	1171.5	1385.513	1184	1407.164	1209	1407.164
Salisbury	734	800.936	721.5	779.285	696.5	779.285	684	800.936	696.5	822.587	721.5	822.587
Scarborough & Whitby	659	1710.278	646.5	1688.627	621.5	1688.627	609	1710.278	621.5	1731.929	646.5	1731.929
Scunthorpe	1071.5	692.681	1059	671.03	1034	671.03	1021.5	692.681	1034	714.332	1059	714.332
Sedgefield	1109	974.144	1096.5	952.493	1071.5	952.493	1059	974.144	1071.5	995.795	1096.5	995.795
Sefton Central	921.5	606.077	909	584.426	884	584.426	871.5	606.077	884	627.728	909	627.728
Selby & Ainsty	546.5	865.889	534	844.238	509	844.238	496.5	865.889	509	887.54	534	887.54
Sevenoaks	1034	714.332	1021.5	692.681	996.5	692.681	984	714.332	996.5	735.983	1021.5	735.983
Sheffield Brightside & Hillsborough	1184	1623.674	1171.5	1602.023	1146.5	1602.023	1134	1623.674	1146.5	1645.325	1171.5	1645.325
Sheffield Central	996.5	909.191	984	887.54	959	887.54	946.5	909.191	959	930.842	984	930.842
Sheffield Hallam	959	930.842	946.5	909.191	921.5	909.191	909	930.842	921.5	952.493	946.5	952.493
Sheffield Heeley	959	974.144	946.5	952.493	921.5	952.493	909	974.144	921.5	995.795	946.5	995.795
Sheffield South East	996.5	952.493	984	930.842	959	930.842	946.5	952.493	959	974.144	984	974.144
Sherwood	1034	930.842	1021.5	909.191	996.5	909.191	984	930.842	996.5	952.493	1021.5	952.493
Shipley	1034	1017.446	1021.5	995.795	996.5	995.795	984	1017.446	996.5	1039.097	1021.5	1039.097
Shrewsbury & Atcham	959	671.03	946.5	649.379	921.5	649.379	909	671.03	921.5	692.681	946.5	692.681
Shropshire North	621.5	1125.701	609	1104.05	584	1104.05	571.5	1125.701	584	1147.352	609	1147.352
Sittingbourne & Sheppey	621.5	1082.399	609	1060.748	584	1060.748	571.5	1082.399	584	1104.05	609	1104.05
Skipton & Ripon	1371.5	1558.721	1359	1537.07	1334	1537.07	1321.5	1558.721	1334	1580.372	1359	1580.372
Sleaford & North Hykeham	884	671.03	871.5	649.379	846.5	649.379	834	671.03	846.5	692.681	871.5	692.681
Slough	1109	1147.352	1096.5	1125.701	1071.5	1125.701	1059	1147.352	1071.5	1169.003	1096.5	1169.003
Solihull	809	1493.768	796.5	1472.117	771.5	1472.117	759	1493.768	771.5	1515.419	796.5	1515.419
Somerset North	771.5	1255.607	759	1233.956	734	1233.956	721.5	1255.607	734	1277.258	759	1277.258
Somerset North East	509	1623.674	496.5	1602.023	471.5	1602.023	459	1623.674	471.5	1645.325	496.5	1645.325
Somerton & Frome	584	1666.976	571.5	1645.325	546.5	1645.325	534	1666.976	546.5	1688.627	571.5	1688.627
Southampton Itchen	509	1710.278	496.5	1688.627	471.5	1688.627	459	1710.278	471.5	1731.929	496.5	1731.929
Southampton Test	1146.5	1169.003	1134	1147.352	1109	1147.352	1096.5	1169.003	1109	1190.654	1134	1190.654
Southend West	921.5	476.171	909	454.52	884	454.52	871.5	476.171	884	497.822	909	497.822
South Holland & The Deepings	771.5	1731.929	759	1710.278	734	1710.278	721.5	1731.929	734	1753.58	759	1753.58
Southport	734	1753.58	721.5	1731.929	696.5	1731.929	684	1753.58	696.5	1775.231	721.5	1775.231
South Shields	1334	1407.164	1321.5	1385.513	1296.5	1385.513	1284	1407.164	1296.5	1428.815	1321.5	1428.815
Spelthorne	546.5	822.587	534	800.936	509	800.936	496.5	822.587	509	844.238	534	844.238
Stafford	809	1580.372	796.5	1558.721	771.5	1558.721	759	1580.372	771.5	1602.023	796.5	1602.023
Staffordshire Moorlands	1034	1277.258	1021.5	1255.607	996.5	1255.607	984	1277.258	996.5	1298.909	1021.5	1298.909
Staffordshire South	284	1840.184	271.5	1818.533	246.5	1818.533	234	1840.184	246.5	1861.835	271.5	1861.835
St Albans	621.5	822.587	609	800.936	584	800.936	571.5	822.587	584	844.238	609	844.238
Stalybridge & Hyde	621.5	909.191	609	887.54	584	887.54	571.5	909.191	584	930.842	609	930.842
St Austell & Newquay	209	1883.486	196.5	1861.835	171.5	1861.835	159	1883.486	171.5	1905.137	196.5	1905.137
Stevenage	771.5	1039.097	759	1017.446	734	1017.446	721.5	1039.097	734	1060.748	759	1060.748
St Helens North	734	974.144	721.5	952.493	696.5	952.493	684	974.144	696.5	995.795	721.5	995.795
St Helens South & Whiston	659	1060.748	646.5	1039.097	621.5	1039.097	609	1060.748	621.5	1082.399	646.5	1082.399
Stirling	846.5	909.191	834	887.54	809	887.54	796.5	909.191	809	930.842	834	930.842
St Ives	996.5	1255.607	984	1233.956	959	1233.956	946.5	1255.607	959	1277.258	984	1277.258
Stockport	584	194.708	571.5	173.057	546.5	173.057	534	194.708	546.5	216.359	571.5	216.359
Stockton North	809	887.54	796.5	865.889	771.5	865.889	759	887.54	771.5	909.191	796.5	909.191
Stockton South	959	584.426	946.5	562.775	921.5	562.775	909	584.426	921.5	606.077	946.5	606.077
Stoke-on-Trent Central	996.5	649.379	984	627.728	959	627.728	946.5	649.379	959	671.03	984	671.03
Stoke-on-Trent North	696.5	995.795	684	974.144	659	974.144	646.5	995.795	659	1017.446	684	1017.446
Stoke-on-Trent South	659	1017.446	646.5	995.795	621.5	995.795	609	1017.446	621.5	1039.097	646.5	1039.097
Stone	696.5	1039.097	684	1017.446	659	1017.446	646.5	1039.097	659	1060.748	684	1060.748
Stourbridge	771.5	995.795	759	974.144	734	974.144	721.5	995.795	734	1017.446	759	1017.446
Strangford	659	1277.258	646.5	1255.607	621.5	1255.607	609	1277.258	621.5	1298.909	646.5	1298.909
Stratford-on-Avon	209	800.936	196.5	779.285	171.5	779.285	159	800.936	171.5	822.587	196.5	822.587
Streatham	771.5	1342.211	759	1320.56	734	1320.56	721.5	1342.211	734	1363.862	759	1363.862
Stretford & Urmston	1034	1580.372	1021.5	1558.721	996.5	1558.721	984	1580.372	996.5	1602.023	1021.5	1602.023
Stroud	696.5	779.285	684	757.634	659	757.634	646.5	779.285	659	800.936	684	800.936
Suffolk Central & Ipswich North	659	1537.07	646.5	1515.419	621.5	1515.419	609	1537.07	621.5	1558.721	646.5	1558.721
Suffolk Coastal	1334	1320.56	1321.5	1298.909	1296.5	1298.909	1284	1320.56	1296.5	1342.211	1321.5	1342.211
Suffolk South	1371.5	1298.909	1359	1277.258	1334	1277.258	1321.5	1298.909	1334	1320.56	1359	1320.56
Suffolk West	1259	1320.56	1246.5	1298.909	1221.5	1298.909	1209	1320.56	1221.5	1342.211	1246.5	1342.211
Sunderland Central	1184	1277.258	1171.5	1255.607	1146.5	1255.607	1134	1277.258	1146.5	1298.909	1171.5	1298.909
Surrey East	959	497.822	946.5	476.171	921.5	476.171	909	497.822	921.5	519.473	946.5	519.473
Surrey Heath	1146.5	1645.325	1134	1623.674	1109	1623.674	1096.5	1645.325	1109	1666.976	1134	1666.976
Surrey South West	809	1623.674	796.5	1602.023	771.5	1602.023	759	1623.674	771.5	1645.325	796.5	1645.325
Sussex Mid	846.5	1688.627	834	1666.976	809	1666.976	796.5	1688.627	809	1710.278	834	1710.278
Sutton & Cheam	1184	1666.976	1171.5	1645.325	1146.5	1645.325	1134	1666.976	1146.5	1688.627	1171.5	1688.627
Sutton Coldfield	921.5	1602.023	909	1580.372	884	1580.372	871.5	1602.023	884	1623.674	909	1623.674
Swansea East	809	1104.05	796.5	1082.399	771.5	1082.399	759	1104.05	771.5	1125.701	796.5	1125.701
Swansea West	434	1493.768	421.5	1472.117	396.5	1472.117	384	1493.768	396.5	1515.419	421.5	1515.419
Swindon North	434	1450.466	421.5	1428.815	396.5	1428.815	384	1450.466	396.5	1472.117	421.5	1472.117
Swindon South	696.5	1515.419	684	1493.768	659	1493.768	646.5	1515.419	659	1537.07	684	1537.07
Tamworth	659	1580.372	646.5	1558.721	621.5	1558.721	609	1580.372	621.5	1602.023	646.5	1602.023
Tatton	846.5	995.795	834	974.144	809	974.144	796.5	995.795	809	1017.446	834	1017.446
Taunton Deane	734	930.842	721.5	909.191	696.5	909.191	684	930.842	696.5	952.493	721.5	952.493
Telford	434	1753.58	421.5	1731.929	396.5	1731.929	384	1753.58	396.5	1775.231	421.5	1775.231
Tewkesbury	659	1104.05	646.5	1082.399	621.5	1082.399	609	1104.05	621.5	1125.701	646.5	1125.701
Thanet North	659	1450.466	646.5	1428.815	621.5	1428.815	609	1450.466	621.5	1472.117	646.5	1472.117
Thanet South	1446.5	1602.023	1434	1580.372	1409	1580.372	1396.5	1602.023	1409	1623.674	1434	1623.674
Thirsk & Malton	1409	1623.674	1396.5	1602.023	1371.5	1602.023	1359	1623.674	1371.5	1645.325	1396.5	1645.325
Thornbury & Yate	1109	757.634	1096.5	735.983	1071.5	735.983	1059	757.634	1071.5	779.285	1096.5	779.285
Thurrock	621.5	1515.419	609	1493.768	584	1493.768	571.5	1515.419	584	1537.07	609	1537.07
Tiverton & Honiton	1334	1493.768	1321.5	1472.117	1296.5	1472.117	1284	1493.768	1296.5	1515.419	1321.5	1515.419
Tonbridge & Malling	509	1753.58	496.5	1731.929	471.5	1731.929	459	1753.58	471.5	1775.231	496.5	1775.231
Tooting	1221.5	1602.023	1209	1580.372	1184	1580.372	1171.5	1602.023	1184	1623.674	1209	1623.674
Torbay	996.5	1602.023	984	1580.372	959	1580.372	946.5	1602.023	959	1623.674	984	1623.674
Torfaen	434	1840.184	421.5	1818.533	396.5	1818.533	384	1840.184	396.5	1861.835	421.5	1861.835
Totnes	621.5	1342.211	609	1320.56	584	1320.56	571.5	1342.211	584	1363.862	609	1363.862
Tottenham	434	1883.486	421.5	1861.835	396.5	1861.835	384	1883.486	396.5	1905.137	421.5	1905.137
Truro & Falmouth	1071.5	1385.513	1059	1363.862	1034	1363.862	1021.5	1385.513	1034	1407.164	1059	1407.164
Tunbridge Wells	284	1883.486	271.5	1861.835	246.5	1861.835	234	1883.486	246.5	1905.137	271.5	1905.137
Twickenham	1259	1623.674	1246.5	1602.023	1221.5	1602.023	1209	1623.674	1221.5	1645.325	1246.5	1645.325
Tynemouth	884	1580.372	871.5	1558.721	846.5	1558.721	834	1580.372	846.5	1602.023	871.5	1602.023
Tyneside North	884	454.52	871.5	432.869	846.5	432.869	834	454.52	846.5	476.171	871.5	476.171
Tyrone West	846.5	519.473	834	497.822	809	497.822	796.5	519.473	809	541.124	834	541.124
Ulster Mid	59	671.03	46.5	649.379	21.5	649.379	9	671.03	21.5	692.681	46.5	692.681
Upper Bann	96.5	692.681	84	671.03	59	671.03	46.5	692.681	59	714.332	84	714.332
Uxbridge & Ruislip South	134	800.936	121.5	779.285	96.5	779.285	84	800.936	96.5	822.587	121.5	822.587
Vale of Clwyd	846.5	1472.117	834	1450.466	809	1450.466	796.5	1472.117	809	1493.768	834	1493.768
Vale of Glamorgan	546.5	1082.399	534	1060.748	509	1060.748	496.5	1082.399	509	1104.05	534	1104.05
Vauxhall	509	1493.768	496.5	1472.117	471.5	1472.117	459	1493.768	471.5	1515.419	496.5	1515.419
Wakefield	1034	1537.07	1021.5	1515.419	996.5	1515.419	984	1537.07	996.5	1558.721	1021.5	1558.721
Wallasey	959	800.936	946.5	779.285	921.5	779.285	909	800.936	921.5	822.587	946.5	822.587
Walsall North	509	974.144	496.5	952.493	471.5	952.493	459	974.144	471.5	995.795	496.5	995.795
Walsall South	734	1060.748	721.5	1039.097	696.5	1039.097	684	1060.748	696.5	1082.399	721.5	1082.399
Walthamstow	734	1104.05	721.5	1082.399	696.5	1082.399	684	1104.05	696.5	1125.701	721.5	1125.701
Wansbeck	1109	1407.164	1096.5	1385.513	1071.5	1385.513	1059	1407.164	1071.5	1428.815	1096.5	1428.815
Wantage	809	454.52	796.5	432.869	771.5	432.869	759	454.52	771.5	476.171	796.5	476.171
Warley	696.5	1558.721	684	1537.07	659	1537.07	646.5	1558.721	659	1580.372	684	1580.372
Warrington North	696.5	1169.003	684	1147.352	659	1147.352	646.5	1169.003	659	1190.654	684	1190.654
Warrington South	659	887.54	646.5	865.889	621.5	865.889	609	887.54	621.5	909.191	646.5	909.191
Warwick & Leamington	696.5	909.191	684	887.54	659	887.54	646.5	909.191	659	930.842	684	930.842
Warwickshire North	809	1277.258	796.5	1255.607	771.5	1255.607	759	1277.258	771.5	1298.909	796.5	1298.909
Washington & Sunderland West	846.5	1039.097	834	1017.446	809	1017.446	796.5	1039.097	809	1060.748	834	1060.748
Watford	921.5	519.473	909	497.822	884	497.822	871.5	519.473	884	541.124	909	541.124
Waveney	921.5	1342.211	909	1320.56	884	1320.56	871.5	1342.211	884	1363.862	909	1363.862
Wealden	1334	1277.258	1321.5	1255.607	1296.5	1255.607	1284	1277.258	1296.5	1298.909	1321.5	1298.909
Weaver Vale	1221.5	1645.325	1209	1623.674	1184	1623.674	1171.5	1645.325	1184	1666.976	1209	1666.976
Wellingborough	659	974.144	646.5	952.493	621.5	952.493	609	974.144	621.5	995.795	646.5	995.795
Wells	884	1233.956	871.5	1212.305	846.5	1212.305	834	1233.956	846.5	1255.607	871.5	1255.607
Welwyn Hatfield	471.5	1688.627	459	1666.976	434	1666.976	421.5	1688.627	434	1710.278	459	1710.278
Wentworth & Dearne	996.5	1298.909	984	1277.258	959	1277.258	946.5	1298.909	959	1320.56	984	1320.56
West Bromwich East	1034	844.238	1021.5	822.587	996.5	822.587	984	844.238	996.5	865.889	1021.5	865.889
West Bromwich West	734	1147.352	721.5	1125.701	696.5	1125.701	684	1147.352	696.5	1169.003	721.5	1169.003
West Ham	659	1233.956	646.5	1212.305	621.5	1212.305	609	1233.956	621.5	1255.607	646.5	1255.607
Westminster North	1184	1450.466	1171.5	1428.815	1146.5	1428.815	1134	1450.466	1146.5	1472.117	1171.5	1472.117
Westmorland & Lonsdale	996.5	1472.117	984	1450.466	959	1450.466	946.5	1472.117	959	1493.768	984	1493.768
Weston-Super-Mare	771.5	606.077	759	584.426	734	584.426	721.5	606.077	734	627.728	759	627.728
Wigan	509	1666.976	496.5	1645.325	471.5	1645.325	459	1666.976	471.5	1688.627	496.5	1688.627
Wiltshire North	659	757.634	646.5	735.983	621.5	735.983	609	757.634	621.5	779.285	646.5	779.285
Wiltshire South West	659	1623.674	646.5	1602.023	621.5	1602.023	609	1623.674	621.5	1645.325	646.5	1645.325
Wimbledon	546.5	1688.627	534	1666.976	509	1666.976	496.5	1688.627	509	1710.278	534	1710.278
Winchester	959	1580.372	946.5	1558.721	921.5	1558.721	909	1580.372	921.5	1602.023	946.5	1602.023
Windsor	809	1710.278	796.5	1688.627	771.5	1688.627	759	1710.278	771.5	1731.929	796.5	1731.929
Wirral South	846.5	1558.721	834	1537.07	809	1537.07	796.5	1558.721	809	1580.372	834	1580.372
Wirral West	546.5	995.795	534	974.144	509	974.144	496.5	995.795	509	1017.446	534	1017.446
Witham	509	1017.446	496.5	995.795	471.5	995.795	459	1017.446	471.5	1039.097	496.5	1039.097
Witney	1334	1363.862	1321.5	1342.211	1296.5	1342.211	1284	1363.862	1296.5	1385.513	1321.5	1385.513
Woking	734	1450.466	721.5	1428.815	696.5	1428.815	684	1450.466	696.5	1472.117	721.5	1472.117
Wokingham	809	1666.976	796.5	1645.325	771.5	1645.325	759	1666.976	771.5	1688.627	796.5	1688.627
Wolverhampton North East	734	1666.976	721.5	1645.325	696.5	1645.325	684	1666.976	696.5	1688.627	721.5	1688.627
Wolverhampton South East	734	1017.446	721.5	995.795	696.5	995.795	684	1017.446	696.5	1039.097	721.5	1039.097
Wolverhampton South West	696.5	1125.701	684	1104.05	659	1104.05	646.5	1125.701	659	1147.352	684	1147.352
Worcester	696.5	1082.399	684	1060.748	659	1060.748	646.5	1082.399	659	1104.05	684	1104.05
Worcestershire Mid	659	1363.862	646.5	1342.211	621.5	1342.211	609	1363.862	621.5	1385.513	646.5	1385.513
Worcestershire West	734	1363.862	721.5	1342.211	696.5	1342.211	684	1363.862	696.5	1385.513	721.5	1385.513
Workington	696.5	1385.513	684	1363.862	659	1363.862	646.5	1385.513	659	1407.164	684	1407.164
Worsley & Eccles South	696.5	562.775	684	541.124	659	541.124	646.5	562.775	659	584.426	684	584.426
Worthing East & Shoreham	696.5	865.889	684	844.238	659	844.238	646.5	865.889	659	887.54	684	887.54
Worthing West	1109	1710.278	1096.5	1688.627	1071.5	1688.627	1059	1710.278	1071.5	1731.929	1096.5	1731.929
Wrekin, The	1071.5	1731.929	1059	1710.278	1034	1710.278	1021.5	1731.929	1034	1753.58	1059	1753.58
Wrexham	621.5	1169.003	609	1147.352	584	1147.352	571.5	1169.003	584	1190.654	609	1190.654
Wycombe	584	1104.05	571.5	1082.399	546.5	1082.399	534	1104.05	546.5	1125.701	571.5	1125.701
Wyre & Preston North	771.5	1472.117	759	1450.466	734	1450.466	721.5	1472.117	734	1493.768	759	1493.768
Wyre Forest	771.5	649.379	759	627.728	734	627.728	721.5	649.379	734	671.03	759	671.03
Wythenshawe & Sale East	621.5	1255.607	609	1233.956	584	1233.956	571.5	1255.607	584	1277.258	609	1277.258
Yeovil	734	844.238	721.5	822.587	696.5	822.587	684	844.238	696.5	865.889	721.5	865.889
Ynys Mon	471.5	1731.929	459	1710.278	434	1710.278	421.5	1731.929	434	1753.58	459	1753.58
York Central	434	1060.748	421.5	1039.097	396.5	1039.097	384	1060.748	396.5	1082.399	421.5	1082.399
York Outer	1034	757.634	1021.5	735.983	996.5	735.983	984	757.634	996.5	779.285	1021.5	779.285
Yorkshire East	1071.5	735.983	1059	714.332	1034	714.332	1021.5	735.983	1034	757.634	1059	757.634
												
												
												
												
												
												
												
												
												
												
												
												
												
												
												
												
												
												
												
												
												
												
												
												
												
												
												
												
												
												
												
												
												
												
												
												
												
												
												
												
												
												
												
												
												
